1	31/Aug/2022	20,558.00	
2	30/Nov/2022	23,984.00	
3	28/Feb/2023	23,721.00	
4	31/May/2023	24,248.00	
5	31/Aug/2023	24,248.00	
6	30/Nov/2023	23,984.00	
7	29/Feb/2024	23,919.00	
8	31/May/2024	24,181.00	
9	30/Aug/2024	23,919.00	
10	29/Nov/2024	23,919.00	
11	28/Feb/2025	23,984.00	
12	30/May/2025	23,984.00	
13	29/Aug/2025	23,984.00	
14	29/Nov/2025	24,248.00	
15	27/Feb/2026	23,721.00	
16	29/May/2026	23,984.00	
17	31/Aug/2026	24,775.00	
18	30/Nov/2026	23,984.00	
19	26/Feb/2027	23,193.00	
20	31/May/2027	24,775.00	
21	31/Aug/2027	24,248.00	
22	30/Nov/2027	23,919.00	
23	29/Feb/2028	23,984.00	
24	31/May/2028	24,181.00	
25	31/Aug/2028	24,181.00	
26	30/Nov/2028	23,919.00	
27	28/Feb/2029	23,721.00	
28	31/May/2029	24,248.00	
29	31/Aug/2029	24,248.00	
30	30/Nov/2029	23,984.00	
31	28/Feb/2030	23,721.00	
32	31/May/2030	24,248.00	
33	30/Aug/2030	23,984.00	2,50,000.00 INR (A)
34	29/Nov/2030	17,988.00	2,50,000.00 INR (A)
35	28/Feb/2031	11,992.00	2,50,000.00 INR (A)
36	30/May/2031	5,980.00	2,50,000.00 INR (A)
