1 28/Dec/2021 8,425.00
2 28/Jan/2022 8,705.00
3 28/Feb/2022 8,705.00
4 28/Mar/2022 7,863.00
5 28/Apr/2022 8,705.00
6 28/May/2022 8,425.00
7 28/Jun/2022 8,705.00
8 28/Jul/2022 8,425.00
9 28/Aug/2022 8,705.00
10 28/Sep/2022 8,705.00
11 28/Oct/2022 8,425.00
12 28/Nov/2022 8,705.00
13 28/Dec/2022 8,425.00
14 28/Jan/2023 8,705.00
15 28/Feb/2023 8,705.00
16 28/Mar/2023 7,863.00
17 28/Apr/2023 8,705.00
18 28/May/2023 8,425.00
19 28/Jun/2023 8,705.00
20 28/Jul/2023 8,425.00
21 28/Aug/2023 8,705.00
22 28/Sep/2023 8,705.00
23 28/Oct/2023 8,425.00
24 28/Nov/2023 8,705.00
25 28/Dec/2023 8,425.00
26 28/Jan/2024 8,682.00
27 28/Feb/2024 8,682.00
28 28/Mar/2024 8,122.00
29 26/Apr/2024 8,122.00
