4 19/Jul/2022 8,425.00
5 19/Aug/2022 8,705.00
6 19/Sep/2022 8,705.00
7 19/Oct/2022 8,425.00
8 19/Nov/2022 8,705.00
9 19/Dec/2022 8,425.00
10 19/Jan/2023 8,705.00
11 19/Feb/2023 8,705.00
12 19/Mar/2023 7,863.00
13 19/Apr/2023 8,705.00
14 19/May/2023 8,425.00
15 19/Jun/2023 8,705.00
16 19/Jul/2023 8,425.00
17 19/Aug/2023 8,705.00
18 19/Sep/2023 8,705.00
19 19/Oct/2023 8,425.00
20 19/Nov/2023 8,705.00
21 19/Dec/2023 8,425.00
22 19/Jan/2024 8,682.00
23 19/Feb/2024 8,682.00
24 19/Mar/2024 8,122.00
25 19/Apr/2024 8,682.00
26 19/May/2024 8,402.00
27 19/Jun/2024 8,682.00
28 19/Jul/2024 8,402.00
29 19/Aug/2024 8,682.00
30 19/Sep/2024 8,682.00
31 19/Oct/2024 8,402.00
32 19/Nov/2024 8,682.00
33 19/Dec/2024 8,402.00
34 19/Jan/2025 8,705.00
